2020
3321
2639
3960
2044
2494
3310
2111
1182
2994
3660
2136
3534
1500
575
922
2135
2546
603
1615
1305
2795
2483
841
648
999
3156
940
2672
1124
723
3945
2642
2355
3121
3233
3174
2086
1944
2492
860
2109
3594
1949
2938
1976
2370
1081
2667
2163
2422
3028
1863
762
837
533
811
2519
3045
774
583
1166
1925
2647
3024
1106
1158
607
3939
3667
1768
1026
3542
3938
1956
3490
3322
1405
2056
3604
2365
3426
3635
3947
2813
3810
1946
2507
438
984
3861
440
2929
3591
2601
1021
3689
1842
691
3091
1589
1906
571
2041
2644
2687
1833
854
1767
771
505
1430
385
418
2444
2060
2055
112
1554
1873
2812
3954
2440
2931
1437
2124
46
1816
1323
1256
36
1877
2269
761
3742
477
976
3556
347
3051
3263
869
3274
2401
3610
3576
2699
1635
3405
105
2327
3307
282
560
2243
3979
1324
880
453
120
2197
881
1024
2457
3916
1265
660
364
1073
113
2294
97
3765
1276
3919
2863
2147
3721
2579
2577
888
2637
3983
3407
455
3773
2548
2156
2599
249
2416
1497
2209
1235
3988
511
2651
1556
901
2308
406
1761
419
1241
216
40
380
2373
2862
1311
135
795
799
3180
70
714
985
2544
741
209
3349
53
3424
2763
608
1154
556
2415
3603
3305
3259
2347
684
99
3214
3663
2441
3347
3516
2419
2410
1530
1501
1516
167
1131
1204
914
909
3519
3664
1706
1920
1648
1770
3816
1588
2826
537
3540
3439
1378
1506
3269
1314
1909
92
3172
3841
17
3977
3019
522
529
3061
3395
3655
2957
580
133
1178
2323
468
1189
1039
390
2762
3078
1744
111
3665
2296
149
3239
3238
532
2728
3125
2215
154
3400
59
371
3365
261
2184
2097
3903
2788
3287
582
1748
2797
3505
1624
677
1835
3772
602
3799
1987
491
2528
2016
3102
223
161
1753
1102
2523
253
3793
2618
3210
1659
3804
2586
1462
2815
1163
344
3084
939
609
240
1760
1801
1356
674
458
2177
3879
1364
3875
1812
2476
2543
2591
2167
833
3858
201
3871
2724
2119
3432
1823
3944
2228
2089
2986
157
927
3539
1254
2166
3413
1339
3566
3001
520
1900
3191
3874
1427
2527
739
3087
2160
2505
1783
1238
1386
1069
1567
3434
3952
568
3905
3559
1042
3046
3700
1660
513
682
2781
2565
545
1586
3925
1250
3883
1626
3079
211
1685
1821
2219
1596
1531
1013
3683
361
3138
1982
376
2960
1755
3656
2120
2277
2920
3783
408
1704
644
960
693
758
3014
360
1008
1724
1058
1193
861
233
2840
2396
1303
3527
954
3976
668
3959
2088
1517
769
2942
3199
2379
103
1901
428
2614
1552
1976
2570
2898
1055
3039
974
2747
2643
1810
219
2218
2859
2624
2420
185
482
1253
2395
3684
2390
1560
3811
3630
3885
2280
2811
251
928
1729
2906
3346
1919
75
374
3381
193
1678
969
2270
1016
3069
3812
3921
1694
643
2700
899
3578
363
52
663
983
45
1320
3080
982
2654
877
3619
449
3615
1170
2445
2964
1203
2773
3971
519
3690
1720
2780
990
2190
1376
1527
3745
2409
1249
3144
1844
3526
2244
2993
3371
399
1334
3969
1122
2748
700
3640
1485
1384
3077
1103
2258
2188
3474
1221
1326
2378
2539
2754
3288
2198
3623
1768
1882
1926
2771
3808
3491
3857
1633
3187
905
890
2663
3588
288
189
2522
1267
1398
2541
2685
2851
1010
2456
1665
212
1239
1211
3283
943
1374
2059
3751
3315
744
3764
1910
3956
2320
188
3436
221
3177
3638
3543
627
2759
163
313
3360
3181
764
2082
973
1363
1922
1015
3897
1786
1428
304
1172
1775
2487
1853
2514
2774
3827
3934
55
1927
999
1474
3512
340
1799
3435
3412
3809
3510
3379
2794
3098
3509
429
3533
578
3311
503
2000
1377
145
2965
3738
3946
1362
3774
1959
3658
2217
2263
3301
2899
1787
3041
1000
420
1477
2356
2955
1570
2843
2690
1
3842
3767
2966
3009
2266
553
3676
933
1233
2517
1128
3602
1095
261
2779
1179
1534
2326
2489
183
3224
1762
2776
359
297
3797
753
1935
3870
3552
1537
1030
3727
1655
3052
519
3183
1726
114
492
1889
3473
3047
2470
2212
3692
1502
706
3328
3040
1866
96
2332
3279
986
1840
1964
3213
3227
287
2328
1066
2275
1452
1491
266
2144
1425
3017
2734
176
3616
2970
2824
2108
2540
337
2704
1184
217
2036
2559
3994
1797
720
1115
3190
3329
1622
2996
1113
3396
3150
1968
2888
3605
2893
1140
1067
2061
3013
274
1246
152
3011
794
2895
1967
7
2035
2760
1892
596
3164
1243
2710
1294
579
2458
3590
3313
3419
1231
3339
2988
549
868
2318
827
3845
3817
925
2121
793
1056
329
3756
1619
1114
3762
335
2068
1654
988
1264
1631
306
2876
3264
1809
2032
285
1494
1803
958
3263
2220
1914
227
2552
1854
1874
3869
2737
389
2903
3548
2805
620
806
484
3716
113
1859
1406
1304
965
1676
586
1547
3475
2848
1062
3573
2380
3912
1274
3438
1511
3570
3759
3062
1345
3824
756
1908
1815
3826
1050
1602
1897
819
3561
1134
1540
896
3733
107
2814
2317
618
3058
2465
782
68
2331
2425
1060
3504
3059
1001
3218
1277
2922
2045
129
3951
1639
3704
34
1108
1375
169
3320
1118
1578
2562
2400
719
631
2765
1392
2038
2126
1199
2817
1139
3884
1380
1716
3364
1123
409
1403
1202
330
224
3717
947
979
1473
3115
2801
2291
887
3537
2958
1808
1931
2216
141
1784
3949
2344
1471
460
3309
3985
2808
1561
1737
174
1771
1837
1236
1781
921
1972
754
3088
3933
250
1434
331
3038
1465
3894
2628
790
3909
555
3524
3968
687
3560
2753
2012
2168
2590
3015
400
1723
2170
1125
3661
742
1015
3585
80
1647
1006
1745
343
3251
656
662
378
2539
2536
106
3694
2360
3998
2933
1592
565
446
1788
2189
3182
1292
284
1137
2786
2968
3599
632
2105
2933
312
3967
735
2741
3060
2142
451
3493
373
3270
1779
530
2592
1907
3307
318
160
2075
2911
713
2271
3636
3235
299
2520
1585
1572
3714
1049
1359
2133
3480
3109
1219
2050
3478
1872
2785
126
3206
29
210
2092
3090
1020
1594
2902
1777
1934
3801
346
31
2702
2282
2403
2043
1664
2542
1365
2290
2720
1319
197
989
110
3202
3814
622
2611
997
3531
3675
3440
882
3208
2493
3907
1482
685
3319
1222
230
2100
535
3201
3273
2638
1091
3257
3000
316
2910
2005
3846
2053
3099
1963
643
3285
3570
3034
1413
3356
483
2564
255
2661
3170
1849
2187
1776
3316
1192
1743
585
1424
1043
2150
1794
1447
2353
3448
3355
3275
3466
676
3898
1240
1414
772
2925
3141
3553
3220
2555
616
2861
43
3132
2770
3670
1687
3802
3127
448
3739
1519
3901
3978
1224
1110
808
610
1951
3794
2526
626
1686
2744
1980
3063
1126
2256
1009
3205
2633
743
2905
2449
1315
2727
93
146
703
3445
1595
2518
3806
1988
1044
642
2865
2336
1411
1954
3730
3159
886
2288
3795
2393
463
2477
21
1522
372
525
2292
42
1090
3378
147
3003
3350
49
324
475
767
1466
1722
118
2844
1839
2932
51
2498
2884
2467
3614
2259
3965
3589
1152
619
812
1218
3298
1498
1555
2080
3246
2802
2049
1736
1773
548
1385
2079
296
1072
3882
2094
2382
1985
3833
226
2384
800
3391
2740
1800
2898
1262
3470
1860
1371
3866
18
3707
2381
1966
143
2821
1580
227
387
740
734
2471
725
1981
1174
1598
1813
3468
2916
2211
397
332
714
2455
1632
1389
3876
3649
756
540
1206
1426
1330
403
2368
1321
2723
1902
2169
1846
3847
1785
972
2222
2696
2316
3130
2412
1732
417
2431
2627
50
2679
2251
3586
1750
2407
1509
3092
1883
628
1420
1976
810
893
3996
821
840
715
567
473
2164
1464
1088
471
195
2454
3823
2897
2305
3844
2008
171
2191
1697
1707
1584
3140
1884
3798
247
3370
3245
454
2129
2361
2709
3076
1280
2306
1129
3777
2662
779
3252
3482
2676
2668
726
1230
3608
683
3171
1459
3049
2376
3192
1098
1515
539
3581
273
3281
934
1167
1316
2262
3103
760
396
2484
2909
3145
1162
1526
1867
3334
1019
681
3492
1064
552
3196
838
2345
2240
598
962
3872
3070
2524
1616
3185
427
3193
2580
2538
3262
3961
980
2858
1865
1818
3668
3760
3822
1318
2646
2113
2339
993
377
1242
3850
712
1144
879
3124
776
966
1063
813
2836
279
2442
2001
3673
3737
1489
246
3618
3286
2314
2828
738
1266
1475
923
267
3173
2886
1504
547
2206
2829
268
2600
3472
2792
1712
1575
1965
1404
2208
3362
220
394
3375
1054
2890
1355
2511
1895
847
215
1513
2279
3066
3033
3452
2364
1397
1831
2768
3026
1285
593
2257
3731
1790
320
1679
190
1520
2530
1857
1159
1630
817
871
1551
2729
944
2348
3770
1370
1559
1446
2557
1488
1337
788
2402
2572
1005
2204
864
926
3074
581
248
3453
3455
1796
1612
2842
2069
2626
2777
3157
2151
3390
3410
3284
650
1442
2141
3469
3108
3634
3895
2568
1641
3325
2243
1342
2311
168
1306
298
3595
1472
722
437
2959
941
995
3104
236
557
3968
3489
2091
1290
2046
2974
814
1207
1719
3713
3778
3016
1220
16
2574
1007
2561
820
1270
3790
649
2006
2845
1173
3398
2042
3507
2159
2619
1496
2837
1545
1399
3848
3792
2721
478
1672
3782
2796
2927
1680
3468
151
63
315
1997
1303
577
2985
626
2247
1740
3854
150
1574
1213
3995
1478
184
3716
2375
3467
3708
125
913
2225
1899
653
194
2283
737
1642
1936
1960
349
2982
1539
1007
732
516
1593
3999
3989
187
749
2509
889
1587
234
2835
3685
815
1950
646
2357
2979
173
1340
1921
3267
1671
2363
3834
1329
3415
3297
1402
179
1881
3819
3523
3855
2790
2665
2417
2265
2017
2295
3633
2743
1441
3820
3937
1344
2588
2304
3333
2308
3423
1764
3682
967
2087
3116
1614
765
1400
3805
3226
2470
2131
587
865
3299
702
2947
1082
1261
955
1577
1898
3571
704
1458
3500
1076
791
1230
3597
375
3748
2583
32
824
3652
1681
2078
1303
1101
3743
3609
805
3240
3058
1382
1339
2616
1662
1957
1974
3709
3982
3837
1480
490
398
3465
2272
155
2418
3781
1117
2585
3337
474
515
3593
2193
554
2936
307
2567
2991
2755
591
3002
3203
717
1637
3335
2503
139
1752
1367
3521
3621
842
1601
2632
2620
1102
2858
3831
507
1525
3275
3564
2358
1198
3451
3330
3611
3023
3740
3607
128
728
79
1156
2398
1052
2066
2073
655
786
3242
3881
2967
2081
1894
1993
2997
3212
1059
30
1369
367
2560
205
3728
1087
1111
797
1591
2098
1223
3231
2553
3359
3577
3566
3331
3236
975
3282
2312
1187
1579
3394
3648
2224
290
1032
2169
1536
13
2930
1358
2621
613
867
3486
3843
3111
3918
304
2669
228
196
270
3579
2261
2711
3695
3813
3471
2847
956
3133
2019
3457
2437
891
858
1014
2153
1142
1276
1747
1145
3441
2128
1259
767
370
3943
2464
3513
1543
56
3913
1661
3886
1271
937
1983
2490
512
1244
1440
1940
1691
3917
3303
1943
3653
1542
2406
257
1165
3454
2321
3741
3290
917
1693
936
2596
640
301
3506
9
1418
589
2924
2249
1969
2745
563
1995
829
1136
64
3617
2510
3477
164
3541
2052
2692
1175
569
1977
1807
3082
1782
599
2727
2999
1649
3908
3483
546
3005
3626
1217
729
1188
3094
326
1789
1401
401
14
3043
423
3986
930
3053
863
3910
1149
1293
2172
1929
3696
3932
3343
3580
570
170
1843
3757
2448
2408
422
2033
1700
77
3955
2027
2062
1373
493
2007
1549
3829
633
3735
3368
2657
2746
1141
1210
3502
692
325
2857
3367
1590
2238
3179
3966
1368
1077
100
1677
2807
3632
3119
2300
1803
2179
2117
2891
1035
1303
239
2594
1625
2303
1396
3411
2171
3148
1104
2397
3280
1283
3340
2146
2866
2018
1493
3168
2969
862
3248
3418
25
2835
2981
2532
3175
12
3832
2605
878
1143
1546
3114
3194
355
3936
3980
2712
202
2935
912
462
2625
645
573
2705
2438
2289
981
3495
2735
3726
614
1682
935
2664
1928
2569
1023
3294
2439
123
3389
3522
368
897
2015
3402
1065
54
3006
3406
119
1395
3877
938
3081
2972
1228
2879
461
2937
1205
699
1229
2125
1481
1422
1510
414
2267
1703
2334
1484
102
1341
2751
3012
665
1360
3253
1034
2388
1792
1279
3970
3414
3250
798
2349
2782
3562
884
2313
1780
1040
411
3651
1291
1795
1824
1258
1896
752
443
2139
1448
3075
3198
1237
510
3535
3698
1832
3681
2450
3768
915
1004
1962
3152
412
2674
2576
1711
846
2995
3105
3218
1756
3719
2423
159
1864
1640
638
3761
1269
2989
531
101
1673
1508
345
2529
1255
2827
1351
2146
2948
3010
3481
207
434
1709
1419
3162
2213
666
445
751
1948
2617
2818
3054
405
2103
1657
3785
2254
181
3143
341
3188
1674
72
2096
735
1710
436
2832
1702
1086
2195
1381
951
711
1327
3912
918
3429
1979
2385
2504
3940
781
425
3677
1208
1225
1953
2516
826
1431
342
2677
2411
357
1366
2513
2377
3752
1532
3272
3139
1638
1887
1301
3598
621
1176
3336
3254
1713
3508
435
1130
3631
959
1701
2028
3758
292
1287
3679
707
731
1454
465
957
1074
908
2315
1056
550
675
294
2488
948
736
1918
3149
1550
2551
501
1904
1774
2203
1153
407
2701
680
689
3962
204
3460
768
3485
2246
2273
1876
716
3456
276
3488
901
3974
350
2433
2975
1563
2739
1161
2769
2806
1070
1122
3957
1855
1157
1523
2772
2575
3031
289
3128
770
2566
2335
1573
2945
3244
846
2482
362
3296
2758
421
1949
286
1717
3662
748
3746
393
3927
44
2074
84
856
961
792
3449
3197
1791
1999
800
1171
1391
2276
2278
402
1455
1583
2904
3073
1759
3382
2210
1617
3037
3408
2787
576
2752
2463
1970
3935
192
3357
2180
2992
584
1333
3873
2915
1841
498
2301
3163
949
472
252
1308
3840
3464
1031
3747
346
672
3420
1483
2597
2433
1097
2901
2063
2462
3258
804
1930
1610
651
1739
3888
1092
2093
2545
1696
3687
3706
2864
2831
48
2820
3724
1200
3404
2264
2058
28
664
1226
3549
1322
2029
3851
71
2256
1394
2367
2194
3137
2693
562
11
2176
1347
1975
2022
2881
1433
809
2796
410
2404
432
946
2014
3650
2123
3027
3702
1289
2742
2593
1891
2237
269
721
3008
229
1947
2547
3669
1408
238
3417
2803
2132
3131
317
1402
1078
1439
2860
444
1576
1348
264
3666
2307
178
3021
497
469
1733
1436
1346
1621
1738
1456
3018
2998
3787
2689
2149
796
2718
845
3515
629
2839
968
945
2287
3186
697
3479
2980
2589
830
2943
3176
3754
2578
314
2260
2673
426
2336
1627
2607
485
3247
1643
3568
919
1727
1146
1037
1597
3887
1000
175
2810
134
2280
1444
2475
1758
3600
2405
3583
1938
2340
2854
3153
85
1514
3525
200
1569
2072
3596
2138
534
3184
3072
1036
708
3446
1003
3674
251
2961
62
3136
2789
2829
2207
3085
1503
1429
3345
3112
499
3342
2362
3734
1121
679
1728
2671
2280
242
1730
3856
3442
2892
1518
3312
3819
334
2725
661
1735
695
321
950
2183
3064
686
3097
1620
2804
1047
564
2885
480
3501
1695
1354
2343
2533
3216
456
3461
1765
2486
2372
3953
2425
3766
60
759
875
3984
3383
1332
2200
1544
3123
1861
3416
1017
2573
2236
2010
241
696
777
1002
2497
1208
3915
225
1346
94
2681
801
3499
750
278
415
2205
413
2791
3900
3565
3941
1599
2112
3281
2084
1075
654
3433
2185
1856
2584
2115
73
2485
639
1845
929
1698
2940
2670
1214
3292
2161
3514
2917
1975
1018
725
2706
23
3122
536
47
1757
2636
3955
527
260
208
3629
1388
601
1101
243
517
2130
615
2976
2178
902
3373
1248
1272
3229
2389
2083
3763
365
3932
1335
1885
83
3973
186
1731
2501
2608
3671
911
206
2563
2143
2944
3167
3071
1708
1911
2502
450
1847
1412
191
2186
3551
2767
117
3779
295
3991
605
1470
1603
2302
2013
3993
3260
612
2784
1273
3326
1971
832
1041
442
2392
2691
280
3643
391
1822
1604
1827
1061
541
3791
3341
3086
1548
1085
3388
3083
2226
1817
2549
3890
2554
2926
671
1379
302
2629
3348
3867
319
3863
2783
3637
2622
3375
3495
3427
998
3
844
1852
3422
2473
3266
3520
1390
3178
1183
2954
839
2173
2894
1668
2919
388
3911
3893
2986
122
2613
489
920
2202
2623
594
2352
1150
2889
3647
1094
3503
931
2819
358
3606
2611
3135
831
1820
3211
2274
508
1798
1029
1260
2951
2531
3390
2953
142
98
3536
509
1372
10
849
818
1383
3129
481
1358
2730
1528
641
1350
382
19
1438
634
244
1565
3825
3147
863
3372
1119
1105
2615
773
2398
1521
464
2798
3688
2230
883
2631
3444
3032
283
336
3555
2148
718
395
835
2026
2231
1670
638
1416
2386
3487
2655
1499
2612
1309
1393
3289
1912
67
124
1190
3403
459
977
2232
3601
3232
1468
2338
2250
1177
3828
2451
1826
538
3923
785
1148
3106
2466
1937
26
86
1297
132
834
3572
3228
727
496
1521
1870
694
3625
2054
3100
163
1535
2285
1057
1469
670
543
1512
1417
2127
3592
2882
3380
1278
2480
3386
2515
636
2194
2095
3703
1669
825
433
1581
3686
1913
2342
69
80
1137
